None None
(1, 519, 0.69828911165738261)
(2, 716, 0.69296124962406402)
(3, 519, 0.68746890860796106)
(4, 324, 0.69586064946430626)
(5, 317, 0.68604968991500059)
Average_F1=0.692126
concat self-cross
(1, 953, 0.74280741282101626)
(2, 1270, 0.74857077252647752)
(3, 775, 0.74075303123913971)
(4, 1610, 0.73675702827418665)
(5, 946, 0.73892022562449633)
Average_F1=0.741562
hybrid self-cross
(1, 1619, 0.7413522337774594)
(2, 1168, 0.74248358106939649)
(3, 1028, 0.7429348350460514)
(4, 1091, 0.74058185851863056)
(5, 821, 0.74442963572492538)
Average_F1=0.742356
sum self-cross
(1, 1333, 0.74282515727424336)
(2, 1653, 0.74332337685539684)
(3, 1492, 0.74629880129372284)
(4, 886, 0.7398298862333248)
(5, 857, 0.74551852433060395)
Average_F1=0.743559
single self
(1, 990, 0.74114320469783612)
(2, 1440, 0.74000528658258791)
(3, 1047, 0.74131623077537823)
(4, 1116, 0.74095136498656222)
(5, 957, 0.73919434516165428)
Average_F1=0.740522
concat self-cross_dot_v1
(1, 934, 0.74277445740152581)
(2, 1491, 0.73919206226439993)
(3, 962, 0.73915740751309045)
(4, 751, 0.74235110788769809)
(5, 1796, 0.73495596046527267)
Average_F1=0.739686
sum self-cross_dot_v1
(1, 849, 0.74136128718217442)
(2, 1637, 0.74379558969650117)
(3, 984, 0.73773913273635761)
(4, 1045, 0.74047722218099199)
(5, 829, 0.7415827564505979)
Average_F1=0.740991
hybrid self-cross_dot_v1
(1, 827, 0.73987043731065738)
(2, 1135, 0.73775214136523037)
(3, 1006, 0.73756721427330274)
(4, 1773, 0.7439256069137854)
(5, 1694, 0.7443292868667406)
Average_F1=0.740689
single cross
(1, 742, 0.73824465788905691)
(2, 925, 0.73689192720682306)
(3, 949, 0.74175801423306487)
(4, 1115, 0.73932805865565332)
(5, 971, 0.73784887052614445)
Average_F1=0.738814
concat self-cross_dot_v2
(1, 798, 0.73731044686755176)
(2, 1095, 0.73733150667674474)
(3, 1029, 0.74066554298534759)
(4, 944, 0.73922947495577895)
(5, 873, 0.73984748736112738)
Average_F1=0.738877
sum self-cross_dot_v2
(1, 684, 0.74027799893115154)
(2, 859, 0.74088204129640456)
(3, 1250, 0.74006006929813206)
(4, 880, 0.73837347977093859)
(5, 737, 0.7392065059352011)
Average_F1=0.739760
single self_dot
(1, 1016, 0.74502696549254177)
(2, 1557, 0.73692101210575811)
(3, 978, 0.74424972670291345)
(4, 675, 0.74006798448916933)
(5, 953, 0.74025803632216469)
Average_F1=0.741305
hybrid self-cross_dot_v2
(1, 1336, 0.74113867462758942)
(2, 1241, 0.74201502851982371)
(3, 1669, 0.73881947069071996)
(4, 1791, 0.74100069670541435)
(5, 1895, 0.7345318896667532)
Average_F1=0.739501
concat self_dot-cross
(1, 919, 0.74110397624463453)
(2, 1842, 0.74453039775726371)
(3, 1007, 0.74250711963143745)
(4, 814, 0.74103463137993453)
(5, 971, 0.74267276125941928)
Average_F1=0.742370
sum self_dot-cross
(1, 935, 0.74011635416442423)
(2, 713, 0.74284239228319437)
(3, 1411, 0.74127921206959013)
(4, 1037, 0.74361159850511704)
(5, 1802, 0.73801369863013699)
Average_F1=0.741173
single cross_dot_v1
(1, 769, 0.73403854112347)
(2, 1839, 0.73714103535671527)
(3, 889, 0.73740500585517399)
(4, 1802, 0.73645062613379131)
(5, 779, 0.73066160276744618)
Average_F1=0.735139
hybrid self_dot-cross
(1, 952, 0.74429223744292239)
(2, 1000, 0.74037173478651552)
(3, 1032, 0.74475027911305203)
(4, 797, 0.73938725445008813)
(5, 1407, 0.74003872357770928)
Average_F1=0.741768
concat self_dot-cross_dot_v1
(1, 1008, 0.74027428859879785)
(2, 836, 0.74913614934687756)
(3, 1338, 0.74592400798872371)
(4, 924, 0.74150988025981857)
(5, 1003, 0.74202465154982322)
Average_F1=0.743774
sum self_dot-cross_dot_v1
(1, 886, 0.74400144186824924)
(2, 1013, 0.74585328124847017)
(3, 795, 0.74472522104927374)
(4, 805, 0.74438249452828753)
(5, 1276, 0.738353914581237)
Average_F1=0.743463
single cross_dot_v2
(1, 1882, 0.73399102341909961)
(2, 1697, 0.74787552827694892)
(3, 1954, 0.73422022468788839)
(4, 1913, 0.74334524211099551)
(5, 1568, 0.74132620390566362)
Average_F1=0.740152
hybrid self_dot-cross_dot_v1
(1, 682, 0.7408743755122511)
(2, 930, 0.74356467643790647)
(3, 1376, 0.73877703790860005)
(4, 1865, 0.74442009018438959)
(5, 1017, 0.74463533462658393)
Average_F1=0.742454
concat self_dot-cross_dot_v2
(1, 1088, 0.7374228882195355)
(2, 939, 0.74402427867607623)
(3, 798, 0.74026124896999823)
(4, 793, 0.74409227571237946)
(5, 1418, 0.74163885731319956)
Average_F1=0.741488
sum self_dot-cross_dot_v2
(1, 863, 0.74320998944908467)
(2, 932, 0.7461043906651208)
(3, 914, 0.74789123636535071)
(4, 853, 0.74392551350339298)
(5, 851, 0.74012346502046644)
Average_F1=0.744251
hybrid self_dot-cross_dot_v2
(1, 1048, 0.74338061782569498)
(2, 966, 0.74208852014184823)
(3, 872, 0.74094573281149612)
(4, 1195, 0.74885844748858443)
(5, 857, 0.74238355513307985)
Average_F1=0.743531
