None None
(1, 960, 0.70989809847969321)
(2, 689, 0.70872630960098826)
(3, 2285, 0.71571395310514829)
(4, 619, 0.71602641735180061)
(5, 783, 0.70278374190582316)
Average_F1=0.710630
concat self_dot-cross_dot_v2
(1, 1653, 0.76878856460293077)
(2, 1812, 0.76446401069122027)
(3, 1175, 0.76549885466601875)
(4, 2006, 0.76913761117683255)
(5, 940, 0.76528177236524453)
Average_F1=0.766634
single cross_dot_v2
(1, 1700, 0.76270083081106321)
(2, 1768, 0.76521645210057698)
(3, 2020, 0.75993652788273547)
(4, 1828, 0.7620802764471627)
(5, 1999, 0.76674869457384043)
Average_F1=0.763337
single self_dot
(1, 1901, 0.76193631125252903)
(2, 1071, 0.76591236651301708)
(3, 1701, 0.76666802507767662)
(4, 2044, 0.7693383011472904)
(5, 2090, 0.75893600073671397)
Average_F1=0.764558
hybrid self_dot-cross_dot_v2
(1, 1835, 0.7681055041287882)
(2, 1890, 0.76403842229540242)
(3, 2066, 0.76898884565503156)
(4, 1224, 0.76945319314324012)
(5, 1288, 0.7662495135931976)
Average_F1=0.767367
sum self_dot-cross_dot_v2
(1, 1741, 0.76405984950274064)
(2, 1032, 0.7660015064166199)
(3, 1666, 0.76934726499851058)
(4, 2051, 0.76754989411024876)
(5, 914, 0.76623438663719112)
Average_F1=0.766639
