None None
(1, 284, 0.54282874995448283)
(2, 155, 0.52784369883429139)
(3, 640, 0.55429891375260953)
(4, 17, 0.51468191596888013)
(5, 234, 0.54344538419799848)
Average_F1=0.536620
concat self-cross
(1, 3127, 0.93195824313574716)
(2, 3305, 0.93861122277745657)
(3, 2178, 0.92690711187350816)
(4, 3223, 0.93253396110363562)
(5, 2928, 0.93514984115884126)
Average_F1=0.933032
hybrid self-cross
(1, 3980, 0.9381193718477997)
(2, 2493, 0.938433726963952)
(3, 2947, 0.93374750315926791)
(4, 3314, 0.93273185559201721)
(5, 4309, 0.93551173026122358)
Average_F1=0.935709
sum self-cross
(1, 3020, 0.93173430278566693)
(2, 2702, 0.93596074216368286)
(3, 4400, 0.94445742243879782)
(4, 2813, 0.93369729570604687)
(5, 4073, 0.93490424011962814)
Average_F1=0.936151
single self
(1, 3149, 0.93775616962453945)
(2, 2726, 0.93881611433820766)
(3, 3837, 0.93759579378544022)
(4, 3298, 0.93574765783496172)
(5, 3641, 0.94177587118763584)
Average_F1=0.938338
concat self-cross_dot_v1
(1, 3499, 0.93614116242906975)
(2, 2611, 0.93922440668252594)
(3, 2386, 0.9275449094723266)
(4, 3747, 0.93433055869111881)
(5, 5261, 0.93939447322615677)
Average_F1=0.935327
single cross
(1, 3656, 0.92723295162688613)
(2, 3132, 0.93598149728389002)
(3, 3866, 0.93150172121935171)
(4, 4232, 0.93759839818383894)
(5, 3810, 0.93241578297712091)
Average_F1=0.932946
sum self-cross_dot_v1
(1, 2894, 0.93310928294165829)
(2, 2461, 0.94044539336882593)
(3, 5515, 0.94117751685944273)
(4, 3097, 0.93272847678393178)
(5, 3401, 0.93653858706649518)
Average_F1=0.936800
hybrid self-cross_dot_v1
(1, 2498, 0.92798763844937115)
(2, 3659, 0.94225653317373648)
(3, 4098, 0.94304166810695389)
(4, 4270, 0.93575625040160237)
(5, 4236, 0.94297383102370413)
Average_F1=0.938403
concat self-cross_dot_v2
(1, 3785, 0.93367513285665615)
(2, 2470, 0.9348049926006835)
(3, 3971, 0.94061372624092465)
(4, 3784, 0.93677354127322077)
(5, 2826, 0.93632622243994801)
Average_F1=0.936439
single self_dot
(1, 3162, 0.92958141054437049)
(2, 3154, 0.93740082673862724)
(3, 3579, 0.93612091960940658)
(4, 3689, 0.93473829770515593)
(5, 3976, 0.93775471973975177)
Average_F1=0.935119
sum self-cross_dot_v2
(1, 2828, 0.93473087608246663)
(2, 2400, 0.93600403287429779)
(3, 3968, 0.93841454919115863)
(4, 3917, 0.93437371999972785)
(5, 2925, 0.93819312964749546)
Average_F1=0.936343
hybrid self-cross_dot_v2
(1, 3511, 0.93313035725970028)
(2, 4348, 0.94507099656021265)
(3, 3062, 0.93540624323753552)
(4, 4116, 0.93678101532971159)
(5, 5230, 0.94362810404316999)
Average_F1=0.938803
single cross_dot_v1
(1, 3428, 0.9306656613669676)
(2, 3124, 0.93917300937514336)
(3, 3971, 0.93412757212923403)
(4, 2936, 0.93111750023695938)
(5, 3045, 0.93695317058271477)
Average_F1=0.934407
concat self_dot-cross
(1, 3101, 0.92761474538134214)
(2, 3081, 0.9365691892277983)
(3, 4329, 0.93269619645189805)
(4, 4006, 0.93407909806308054)
(5, 3363, 0.93243662386139858)
Average_F1=0.932679
sum self_dot-cross
(1, 2542, 0.92144620633725727)
(2, 3210, 0.93963329860570799)
(3, 2224, 0.92368044288886986)
(4, 5205, 0.93696340031315239)
(5, 3986, 0.93245604023190931)
Average_F1=0.930836
hybrid self_dot-cross
(1, 3464, 0.93171366682357704)
(2, 3027, 0.93881726126979181)
(3, 4553, 0.93451007587501023)
(4, 4100, 0.93759173415288111)
(5, 3712, 0.92769273747298775)
Average_F1=0.934065
single cross_dot_v2
(1, 4027, 0.93373311682870086)
(2, 3982, 0.9434630507360644)
(3, 3477, 0.93051891428649691)
(4, 2308, 0.92643851166317592)
(5, 3787, 0.93290256592015874)
Average_F1=0.933411
concat self_dot-cross_dot_v1
(1, 3471, 0.93555529707163898)
(2, 4109, 0.94426434378659796)
(3, 3727, 0.93678244808488609)
(4, 3087, 0.9333581943561402)
(5, 3228, 0.93677718250441866)
Average_F1=0.937347
sum self_dot-cross_dot_v1
(1, 2571, 0.93193518814388221)
(2, 3514, 0.94105387455702605)
(3, 3692, 0.93618798157130367)
(4, 4375, 0.93393543716304073)
(5, 3024, 0.93203954528410593)
Average_F1=0.935030
hybrid self_dot-cross_dot_v1
(1, 4522, 0.93897600737530862)
(2, 3158, 0.94221799586519417)
(3, 3002, 0.93458212786765005)
(4, 2941, 0.93115258418977243)
(5, 2573, 0.93051032125055455)
Average_F1=0.935488
concat self_dot-cross_dot_v2
(1, 3284, 0.93255119593613611)
(2, 3548, 0.94059689120590795)
(3, 3724, 0.93458745874587468)
(4, 3663, 0.93593587677774803)
(5, 3667, 0.93551766653442348)
Average_F1=0.935838
sum self_dot-cross_dot_v2
(1, 3058, 0.92927110334003071)
(2, 3393, 0.94125904021621354)
(3, 4053, 0.93308758466173503)
(4, 2846, 0.92870191185747031)
(5, 3982, 0.93515713945120926)
Average_F1=0.933495
hybrid self_dot-cross_dot_v2
(1, 5332, 0.93780206132674193)
(2, 4394, 0.94264030832271106)
(3, 3461, 0.93012707650674098)
(4, 3471, 0.9331065464146201)
(5, 3629, 0.9338944695781195)
Average_F1=0.935514
