None None
(1, 159, 0.703525169468044)
(2, 322, 0.73940748096656739)
(3, 340, 0.71186369017419238)
(4, 168, 0.6843911947422765)
(5, 151, 0.71693390115266697)
Average_F1=0.711224
sum self-cross
(1, 306, 0.75023294053165257)
(2, 340, 0.7739042895214312)
(3, 261, 0.75208777147835315)
(4, 148, 0.74400684862165012)
(5, 148, 0.7716397190919484)
Average_F1=0.758374
concat self-cross
(1, 276, 0.74658869395711513)
(2, 303, 0.76934604556742237)
(3, 398, 0.75670268207071523)
(4, 141, 0.74113493339056524)
(5, 225, 0.75233680534809766)
Average_F1=0.753222
hybrid self-cross
(1, 328, 0.74295760417087675)
(2, 349, 0.77582571803677336)
(3, 299, 0.75180608863097498)
(4, 134, 0.74222280724847534)
(5, 148, 0.75434416235229529)
Average_F1=0.753431
single self
(1, 316, 0.73573033707865165)
(2, 369, 0.77745203421548503)
(3, 221, 0.7414076667805185)
(4, 203, 0.74567099567099571)
(5, 272, 0.771045926721597)
Average_F1=0.754261
sum self-cross_dot_v1
(1, 270, 0.74070940704180743)
(2, 444, 0.76777281221933225)
(3, 347, 0.74729440427641736)
(4, 309, 0.75337692867404238)
(5, 330, 0.76792337872762084)
Average_F1=0.755415
concat self-cross_dot_v1
(1, 270, 0.73647430641086509)
(2, 374, 0.76939205958417278)
(3, 468, 0.76003617691679315)
(4, 184, 0.75435728771597144)
(5, 314, 0.76286960541920446)
Average_F1=0.756626
hybrid self-cross_dot_v1
(1, 313, 0.73886121610438904)
(2, 298, 0.77117818889970791)
(3, 312, 0.75103055052586964)
(4, 375, 0.75269710406928403)
(5, 296, 0.76384512648954239)
Average_F1=0.755522
single cross
(1, 261, 0.74419706770480532)
(2, 303, 0.76525626963765259)
(3, 442, 0.72972243559135541)
(4, 301, 0.74582614866505226)
(5, 320, 0.75771438537981239)
Average_F1=0.748543
concat self-cross_dot_v2
(1, 296, 0.73415964360065189)
(2, 370, 0.76959836158834904)
(3, 321, 0.74244273882429113)
(4, 427, 0.75297010318866486)
(5, 263, 0.75752646938390844)
Average_F1=0.751339
sum self-cross_dot_v2
(1, 299, 0.74712561291478652)
(2, 322, 0.76274412446209872)
(3, 435, 0.74925554512992942)
(4, 280, 0.74935079553621264)
(5, 269, 0.77031042301978259)
Average_F1=0.755757
hybrid self-cross_dot_v2
(1, 304, 0.75076209360243473)
(2, 461, 0.77201546572466651)
(3, 453, 0.74654565434158848)
(4, 223, 0.74576054663578351)
(5, 286, 0.76235059241087744)
Average_F1=0.755487
single self_dot
(1, 323, 0.75192780968006567)
(2, 253, 0.76689516129032254)
(3, 325, 0.74336066359916475)
(4, 295, 0.74525468084197533)
(5, 306, 0.75437655240933921)
Average_F1=0.752363
concat self_dot-cross
(1, 265, 0.74330652235689487)
(2, 535, 0.7617551837152563)
(3, 353, 0.74548913838884356)
(4, 286, 0.74476743063466633)
(5, 185, 0.76235059241087744)
Average_F1=0.751534
sum self_dot-cross
(1, 299, 0.7486324708841261)
(2, 393, 0.77629270580621634)
(3, 588, 0.74517458252006064)
(4, 199, 0.75020285621551452)
(5, 157, 0.76719963358357357)
Average_F1=0.757500
hybrid self_dot-cross
(1, 276, 0.73969587751573451)
(2, 322, 0.77704699078124118)
(3, 261, 0.74853360811667735)
(4, 274, 0.74266076421248828)
(5, 440, 0.76800819252432162)
Average_F1=0.755189
single cross_dot_v1
(1, 296, 0.73927480763332309)
(2, 294, 0.76523286618536268)
(3, 452, 0.75611110038423668)
(4, 217, 0.74184800430225994)
(5, 280, 0.75296675874366814)
Average_F1=0.751087
concat self_dot-cross_dot_v1
(1, 274, 0.74047849339308969)
(2, 367, 0.77584502523369347)
(3, 388, 0.75474848674598205)
(4, 310, 0.75530869500139919)
(5, 159, 0.76720479586880375)
Average_F1=0.758717
hybrid self_dot-cross_dot_v1
(1, 279, 0.75847714505112562)
(2, 270, 0.77038092696040117)
(3, 301, 0.7436888212402355)
(4, 145, 0.7466946481541723)
(5, 266, 0.7641948532700813)
Average_F1=0.756687
sum self_dot-cross_dot_v1
(1, 275, 0.74049109292248438)
(2, 489, 0.77022089548247341)
(3, 299, 0.74953491977366093)
(4, 271, 0.74684264421435886)
(5, 236, 0.76465585741773212)
Average_F1=0.754349
single cross_dot_v2
(1, 435, 0.75369680851063836)
(2, 210, 0.76163395225464192)
(3, 239, 0.71830387598725087)
(4, 246, 0.75123587130033553)
(5, 280, 0.76395460214196631)
Average_F1=0.749765
concat self_dot-cross_dot_v2
(1, 332, 0.7493379556867803)
(2, 249, 0.76256526804491487)
(3, 289, 0.73765206097083746)
(4, 291, 0.74871845614662269)
(5, 291, 0.77112149448922995)
Average_F1=0.753879
hybrid self_dot-cross_dot_v2
(1, 340, 0.7526399306280307)
(2, 439, 0.77082787588267876)
(3, 358, 0.75052658819721363)
(4, 219, 0.75675003404436869)
(5, 211, 0.76988774040216956)
Average_F1=0.760126
sum self_dot-cross_dot_v2
(1, 306, 0.74490152819629796)
(2, 420, 0.78313502569818705)
(3, 396, 0.74186483103879852)
(4, 242, 0.75780133809155159)
(5, 265, 0.76869025074351016)
Average_F1=0.759279
