None None
(1, 127, 0.7197986577181208)
(2, 110, 0.7365771812080537)
(3, 256, 0.7399328859060402)
(4, 79, 0.7231543624161074)
(5, 279, 0.7277310924369748)
Average=0.729439
single cross_dot_v2
(1, 169, 0.7768456375838926)
(2, 105, 0.7651006711409396)
(3, 239, 0.7768456375838926)
(4, 122, 0.7583892617449665)
(5, 162, 0.746218487394958)
Average=0.764680
concat self_dot-cross_dot_v2
(1, 213, 0.7835570469798657)
(2, 140, 0.7751677852348994)
(3, 210, 0.7818791946308725)
(4, 177, 0.7432885906040269)
(5, 170, 0.7596638655462185)
Average=0.768711
single self_dot
(1, 190, 0.7835570469798657)
(2, 90, 0.7550335570469798)
(3, 151, 0.7684563758389261)
(4, 126, 0.7449664429530202)
(5, 146, 0.7546218487394958)
Average=0.761327
sum self_dot-cross_dot_v2
(1, 221, 0.7835570469798657)
(2, 173, 0.7751677852348994)
(3, 259, 0.7869127516778524)
(4, 90, 0.7315436241610739)
(5, 153, 0.7445378151260504)
Average=0.764344
hybrid self_dot-cross_dot_v2
(1, 220, 0.7818791946308725)
(2, 202, 0.7835570469798657)
(3, 188, 0.7869127516778524)
(4, 141, 0.7332214765100671)
(5, 157, 0.761344537815126)
Average=0.769383
