NLI
(1, 283, 0.7869127516778524)
(2, 148, 0.7583892617449665)
(3, 226, 0.7701342281879194)
(4, 154, 0.7399328859060402)
(5, 222, 0.7546218487394958)
Average=0.761998
NLI
(1, 291, 0.7885906040268457)
(2, 149, 0.7651006711409396)
(3, 233, 0.7734899328859061)
(4, 133, 0.738255033557047)
(5, 163, 0.7529411764705882)
Average=0.763675
NLI stable
(1, 172, 0.7550335570469798)
(2, 80, 0.7449664429530202)
(3, 351, 0.7785234899328859)
(4, 153, 0.7399328859060402)
(5, 114, 0.7294117647058823)
Average=0.749574
